Fouch_upper-mantle_SKS_splitting-2004.dat
Station Latitude Longitude     phi      dt  10.0
ARU      56.4000   58.6000      68    0.90  10.0
COL      64.8900 -147.7900     -82    1.55  10.0
GRA1     49.6900   11.2200      77    1.05  10.0
HIA      49.2600  119.7400     -20    0.70  10.0
LAC      34.3900 -116.4100     -54    1.20  10.0
MNV      38.4300 -118.1500      75    0.90  10.0
OBN      55.1000   36.3600       5    0.50  10.0
RSCP     35.5900  -85.5700      59    0.75  10.0
RSNT     62.4800 -114.5900      51    1.20  10.0
RSNY     44.5500  -74.5300      74    0.90  10.0
RSON     50.8600  -93.7000      76    1.70  10.0
RSSD     44.1200 -104.0400      55    0.65  10.0
SLR     -25.7300   28.2800      81    1.10  10.0
TOL      39.8800   -4.0500      84    1.00  10.0
WMQ      43.8200   87.6900      39    1.00  10.0
ALR      44.0000   74.2000      80    1.20  10.0
ANA      42.7750   77.6810      80    1.40  10.0
ARK      41.8710   71.9600      80    1.80  10.0
ARL      41.9000   74.2000      60    0.60  10.0
ARS      41.3290   72.9730      80    1.60  10.0
BTK      40.0570   70.8180      80    1.40  10.0
ERK      42.5000   73.6000      80    1.40  10.0
FRU      42.8000   74.6000      80    1.00  10.0
GAR      39.0008   70.3167      60    1.00  10.0
KDS      42.1000   77.2000     160    1.00  10.0
MNS      42.5060   72.5620      90    1.20  10.0
NRN      41.4330   76.0000     140    0.80  10.0
OSH      40.5250   72.7850      80    2.00  10.0
PRZ      42.4830   78.2400     100    1.60  10.0
SAM      39.6720   66.9900     100    1.20  10.0
SFK      40.0330   73.5000      40    1.20  10.0
TAS      41.3250   69.2950      80    0.60  10.0
P1K      34.8000 -112.4000      59    0.85  10.0
P2H      34.0000 -112.9000      68    1.12  10.0
P36      33.7000 -114.1000      74    0.74  10.0
PCC      35.7500 -112.5000      56    0.64  10.0
ANMO     34.9460 -106.4560      41    1.50  10.0
CZL      36.2830 -105.9100      26    0.90  10.0
ELPA     31.7720 -106.5100       5    1.50  10.0
SEVI     34.2700 -106.7300      41    1.10  10.0
WSMR     32.3400 -106.4900      11    1.20  10.0
WTX      34.0720 -106.9500      46    1.10  10.0
ANMO     34.9000 -106.5000      35    1.10  10.0
ANTO     39.9000   32.8000      25    1.30  10.0
ASH      37.9000   58.3000      25    0.80  10.0
BCAO      4.4000   18.5000      60    0.60  10.0
BDF     -15.7000  -47.9000      40    1.20  10.0
BER      60.4000    5.3000     105    1.10  10.0
BKR      41.7000   43.5000      90    1.70  10.0
BRG      50.9000   14.0000     100    1.20  10.0
BRV      53.1000   70.2000      30    1.20  10.0
CAY       5.0000  -52.3000     100    0.00  10.0
CHTO     18.8000   99.0000     100    1.60  10.0
CLL      51.3000   13.0000     100    1.00  10.0
COL      64.9000 -147.8000      77    1.60  10.0
CTAO    -20.1000  146.3000      40    1.00  10.0
ELT      53.2000   86.3000      80    1.20  10.0
FRU      42.8000   74.6000      80    1.00  10.0
GAC      45.7000  -75.5000      85    0.90  10.0
GAR      39.0000   70.3000      65    1.70  10.0
GDH      69.3000  -53.5000     120    1.20  10.0
GRF      49.5000   11.2000      90    0.70  10.0
GRS      39.0000   46.3000     100    1.50  10.0
ILT      67.9000 -178.8000      15    0.90  10.0
IRK      52.2000  104.3000      75    1.10  10.0
JAS      37.9000 -120.4000      80    1.50  10.0
KAAO     34.5000   69.0000      60    1.80  10.0
KEV      69.8000   27.0000      70    1.10  10.0
KHC      49.1000   13.6000     100    1.10  10.0
KHE      80.6000   58.0000      65    1.20  10.0
KONO     59.6000    9.6000      20    0.80  10.0
KSP      50.8000   16.3000     120    0.90  10.0
MGD      60.1000  150.7000      20    0.80  10.0
MOX      50.7000   11.6000     100    0.70  10.0
NE02     56.5000    9.2000      60    1.20  10.0
NE05     52.1000    5.2000      70    0.50  10.0
NE15     50.9000    5.8000      70    0.50  10.0
NRI      69.4000   88.1000       0    1.80  10.0
NWAO    -32.9000  117.2000      60    1.50  10.0
OBN      55.2000   36.6000       0    0.60  10.0
RSCP     35.6000  -85.6000      46    0.80  10.0
RSNT     62.5000 -114.6000      48    1.10  10.0
RSON     50.9000  -93.7000      80    1.70  10.0
RSSD     44.1000 -104.0000      54    0.60  10.0
SCP      40.8000  -77.9000      80    1.20  10.0
SCZ      36.6000 -121.4000     100    1.30  10.0
SEM      50.5000   80.3000     170    1.50  10.0
SEY      62.9000  152.4000     110    1.20  10.0
SHIO     25.6000   91.9000     120    1.10  10.0
SLR     -25.7000  -28.3000      90    0.80  10.0
SSB      45.2800    4.5400     140    1.00  10.0
STU      48.8000    9.2000      50    0.50  10.0
SVE      56.8000   60.6000       0    1.40  10.0
TAS      41.3000   69.3000      80    0.80  10.0
TATO     25.0000  121.5000      60    1.80  10.0
TAU     -42.9000  147.3000      80    0.60  10.0
TIK      71.6000  128.9000      60    0.00  10.0
TOL      39.9000   -4.0000     100    1.30  10.0
WFM      42.6000  -71.5000      80    0.80  10.0
ZAK      50.3000  103.3000     130    1.20  10.0
BRG      50.9000   14.0000     100    1.20  10.0
CLL      51.3000   13.0000     100    1.00  10.0
MOX      50.7000   11.6000     100    0.70  10.0
GRF      49.4000   11.3000      90    0.70  10.0
STU      48.8000    9.2000      50    0.50  10.0
NE05     52.1000    5.2000      70    0.50  10.0
NE15     50.9000    5.8000      70    0.50  10.0
KHC      49.1000   13.6000     100    1.10  10.0
KSP      50.8000   16.3000     120    0.90  10.0
BKS      37.8770 -122.2350     -66    1.55  10.0
BMN      40.4310 -117.2200      74    0.85  10.0
CMB      38.0350 -120.3850      85    1.50  10.0
DNY      41.0810 -119.2770      74    1.25  10.0
ELK      40.7450 -115.2400     -72    1.00  10.0
KNB      37.0170 -112.8220      22    0.95  10.0
LAC      34.3900 -116.4110     -77    1.35  10.0
MHC      37.3420 -121.5420     -52    1.50  10.0
MNV      38.4320 -118.1540     -89    1.25  10.0
P01      40.5300 -119.0300      74    0.80  10.0
P07      39.3300 -118.1200      77    0.70  10.0
P12      37.0100 -116.6400      37    0.55  10.0
SAO      36.7650 -121.4450     -68    2.15  10.0
WCN      37.5280 -119.7560     -89    0.55  10.0
CNOW     49.0700  -93.1400      58    1.20  10.0
CPSW     43.7100 -103.3900      84    1.05  10.0
CROW     50.1500  -93.0700      76    1.60  10.0
DIWR     43.4600 -105.5800      29    0.95  10.0
DLOR     49.6100  -92.8600      66    1.75  10.0
EFOR     50.5300  -93.3000      64    1.70  10.0
FLOR     52.8700  -93.6500      73    1.00  10.0
FVNR     48.2300  -97.7400      54    1.00  10.0
GLWW     44.1900 -105.6800      37    0.80  10.0
HANW     47.1800 -101.5500      98    0.00  10.0
LENR     46.1900 -101.5900      67    0.00  10.0
LPSW     45.8000 -102.6100      68    0.80  10.0
MAMW     48.1000  -93.8000      81    1.30  10.0
MCNW     47.5500 -100.3600      48    0.40  10.0
NBOW     51.4100  -93.6900      66    1.45  10.0
NSOW     52.4600  -93.0500      80    0.70  10.0
OPSR     44.9100 -102.5100      83    0.75  10.0
RSON     50.8590  -93.7020      76    1.70  10.0
RSSD     44.1200 -104.0360      55    0.65  10.0
SHNW     47.8500  -99.2300      28    1.35  10.0
STNR     46.6700  -99.8800      37    1.20  10.0
TRMW     48.1200  -96.4200      38    1.00  10.0
G01      55.9650  101.4100     133    1.00  10.0
G02      55.5600  101.8030     170    0.90  10.0
G03      55.0220  102.0550     145    0.80  10.0
G04      54.5160  102.0700     128    1.20  10.0
G05      54.1930  102.6490     144    0.70  10.0
G06      53.9290  102.9340     149    0.60  10.0
G07A     53.6490  103.2550     110    0.00  10.0
G07B     53.6490  103.2550      20    0.00  10.0
G08A     53.2430  103.7670     110    0.00  10.0
G08B     53.2430  103.7670      20    0.00  10.0
G09      52.7780  104.1050     138    0.90  10.0
G10      52.6220  104.2340     138    0.60  10.0
G11A     52.1690  104.4690     110    0.00  10.0
G11B     52.1690  104.4690      20    0.00  10.0
G12      51.8470  104.8930     144    0.60  10.0
G13      51.5260  105.1210     148    1.30  10.0
G14      51.2920  105.3390     132    0.90  10.0
G15      51.0210  105.6820     138    1.10  10.0
G16A     50.7910  105.9700      38    1.00  10.0
G16B     50.7910  105.9700     129    1.60  10.0
G17      50.1930  106.2540     137    1.50  10.0
G18      49.7470  106.1880     145    0.80  10.0
G19      49.7380  106.2020     147    0.30  10.0
G20      49.2880  106.4120     134    0.40  10.0
G21A     48.9310  106.6820      39    1.00  10.0
G21B     48.9310  106.6820     132    0.80  10.0
G22      48.3830  106.7830     105    1.10  10.0
G23      47.9210  106.9540      64    0.80  10.0
G24      47.8660  107.0510      69    0.70  10.0
G25      47.2090  107.4220      44    0.30  10.0
G26A     46.6350  107.7580      56    0.40  10.0
G26B     46.6350  107.7580     132    1.50  10.0
G27      46.1150  107.6190      55    1.30  10.0
G28      45.2620  108.2600      85    1.40  10.0
AAK      42.6390   74.4940      83    1.45  10.0
ALE      82.4830  -62.3500      61    0.91  10.0
ARU      56.4000   58.6000      68    0.94  10.0
ESK      55.3170   -3.2050      74    1.07  10.0
GAR      39.0000   70.3100      69    1.31  10.0
KIV      43.9560   42.6880      88    1.20  10.0
OBN      55.1130   36.5690     -19    0.68  10.0
AMDO     32.2470   91.6880      75    0.88  10.0
BUDO     35.5290   93.9100      87    2.40  10.0
ERDO     34.5200   92.7070      73    1.49  10.0
GANZ     29.7670   94.0500      79    0.94  10.0
LHSA     29.7020   91.1280     120    0.00  10.0
MAQI     34.4780  100.2490     132    0.82  10.0
SANG     31.0240   91.7000      51    0.80  10.0
TUNL     36.1990   94.8150      89    0.93  10.0
USHU     33.0110   97.0150     119    0.72  10.0
WNDO     33.4480   91.9040      62    1.91  10.0
XIGA     29.2340   88.8510      82    1.25  10.0
BDF     -15.6640  -47.9030      53    1.50  10.0
CAY       4.9480  -52.3170     119    0.70  10.0
CECV     10.5700  -64.1700      81    1.90  10.0
DTMR     38.9600  -77.0600       0    0.00  10.0
ECPV      9.1800  -65.2500      79    0.70  10.0
MBO      14.3910  -16.9550      82    0.70  10.0
MNVV      9.9500  -64.0300     101    1.30  10.0
RSCP     35.5900  -85.5700      59    0.70  10.0
RSSD     44.1200 -104.0400      55    0.60  10.0
RSNT     62.4800 -114.5920      51    1.20  10.0
RSNY     44.5500  -74.5300      74    0.90  10.0
WFM      42.1000  -71.4900     100    0.80  10.0
EBMT     49.6280  -95.6220      42    1.60  10.0
EUAL     32.7790  -87.8740     272    0.80  10.0
FOTX     30.9020 -102.6980      39    0.80  10.0
GEAZ     33.7760 -110.5280      42    1.30  10.0
HHND     48.9480  -98.6920      51    1.30  10.0
JELA     31.7850   92.0150      83    1.10  10.0
KNUT     37.0230 -112.8270      27    0.70  10.0
LCNM     32.4020 -106.5990      23    1.10  10.0
NLAZ     35.9010 -109.5690      76    1.30  10.0
RTNM     36.7290 -104.3600      27    0.80  10.0
RYND     48.0970 -101.4940      69    0.50  10.0
TDNM     36.6560 -106.1720      48    1.00  10.0
BFO      48.3319    8.3311      40    1.00  10.0
CLZ      51.8400   10.3700     110    0.60  10.0
FUR      48.1600   11.2800      60    1.20  10.0
HAM      53.4700    9.9200     120    0.40  10.0
TNS      50.2200    8.4500      80    0.80  10.0
WET      49.1400   12.8800      90    1.40  10.0
AUC      43.6600    0.5600      46    1.20  10.0
AUC      43.6600    0.5600       0    0.00  10.0
AVL      41.8810    0.7530     100    1.50  10.0
AVL      41.8810    0.7530     102    1.30  10.0
BDB      43.0590    0.1500      90    0.80  10.0
LTE      43.1830    0.7630      98    0.60  10.0
MLS      42.9560    1.0950      70    0.90  10.0
PON      42.4040    0.7570      99    1.50  10.0
VIH      42.6290    0.7700     102    1.30  10.0
DAWY     64.0600 -139.3100     116    1.35  10.0
EDM      53.2200 -113.3500      33    0.60  10.0
FCC      58.7600  -94.0800      27    0.55  10.0
FFC      54.7200 -101.9700      48    0.70  10.0
FRB      63.7400  -68.5400      78    0.70  10.0
GAC      45.7000  -75.4700      36    0.65  10.0
INK      68.3000 -133.5200      81    0.60  10.0
MBC      76.2400 -119.3600      43    0.85  10.0
RES      74.6800  -94.9000     300    0.95  10.0
WALA     49.0500 -113.9100      37    0.90  10.0
WHY      60.6500 -134.8800     166    0.95  10.0
YKA      62.4900 -114.6000      53    1.55  10.0
BBO      54.7367   -3.2465      94    0.61  10.0
BHH      55.0928   -3.2187     -25    0.90  10.0
CME      50.1760   -5.1903      91    0.47  10.0
CR2      50.1669   -5.1687      91    0.47  10.0
CRA      50.1648   -5.1921      91    0.47  10.0
CTR      50.1665   -5.1624      91    0.47  10.0
CWF      52.7382   -1.3071      73    0.78  10.0
DYA      50.4352   -3.9309      37    0.81  10.0
EDI      55.9233   -3.1861      64    0.75  10.0
ESK      55.3167   -3.2050      81    1.04  10.0
GAL      54.8664   -4.7114     -66    0.85  10.0
HPK      53.9554   -1.6240      81    0.62  10.0
HTL      50.9944   -4.4850      95    0.58  10.0
KPL      57.3391   -5.6527      83    0.65  10.0
LRW      60.1360   -1.1779       4    0.53  10.0
MCD      57.5827   -3.2541      45    0.94  10.0
MCH      51.9977   -2.9983      20    0.79  10.0
PGB      55.8100   -4.4780      94    1.03  10.0
SWN      51.5130   -1.8005     -66    0.49  10.0
TFO      51.1136    1.1406      70    0.67  10.0
WCB      53.3782   -4.5465     -26    0.60  10.0
ADW      38.4160 -121.0000      91    1.80  10.0
AFD      38.9480 -120.9710     101    1.30  10.0
BKS      37.8770 -122.2350     120    1.58  10.0
BMN      40.4310 -117.2220      81    2.00  10.0
CMB      38.0350 -120.3850      85    1.68  10.0
DNY      41.0810 -119.2270      82    1.61  10.0
GSC      35.3030 -116.8080      92    1.07  10.0
ISA      35.6630 -118.4730      11    1.52  10.0
KVN      39.0510 -118.1000      55    0.92  10.0
LAC      34.3900 -116.4100     103    1.35  10.0
MHC      37.3420 -121.6420     122    1.53  10.0
MIN      40.3450 -121.6100      79    0.78  10.0
MNA      38.4330 -118.1570      93    1.29  10.0
ORV      39.5560 -121.5000       0    0.00  10.0
PAS      34.1480 -118.1720      82    1.21  10.0
PFO      33.6090 -116.4550      89    1.45  10.0
PKD      35.8890 -120.4200      93    1.60  10.0
SAO      36.7650 -121.4450     111    1.73  10.0
SBC      34.4410 -119.7130      91    1.02  10.0
STA      37.4040 -122.1740     117    1.54  10.0
SVD      34.1040 -117.0970      87    1.55  10.0
WCK      37.5280 -118.6510      52    1.30  10.0
WCN      39.3020 -119.7560      56    0.84  10.0
WDC      40.5800 -122.5400      48    1.08  10.0
BPI     -26.1750   28.0300      20    0.40  10.0
DOU     -29.1150   23.8650      40    1.10  10.0
KAM     -29.1330   23.1250      20    1.40  10.0
KLI     -25.8530   26.2720      40    1.00  10.0
PIL     -25.2210   27.1010      50    0.60  10.0
SAN     -24.6260   27.6180      30    0.70  10.0
WAR     -28.3770   24.8930      20    1.30  10.0
AGVB    -19.7393  -50.2331     -73    0.95  10.0
CACB    -21.6802  -46.7326     -59    0.90  10.0
CAP     -22.6631  -51.0535     -84    0.86  10.0
CAPB    -22.8125  -51.0149      86    0.60  10.0
CDCB    -20.2365  -44.7182     -53    0.60  10.0
FRMB    -20.4878  -45.6418     -56    0.95  10.0
FURB    -20.6782  -46.2779     -54    0.85  10.0
IBIB    -21.7772  -48.8139      89    0.75  10.0
NAVB    -21.4336  -54.1842      57    0.65  10.0
OLIB    -20.8793  -48.9306     -69    0.35  10.0
PARB    -23.3417  -45.6244      74    1.05  10.0
PPDB    -22.0327  -51.3133      89    0.65  10.0
PTMB    -21.4628  -57.4756      56    1.55  10.0
RIFB    -20.0737  -47.5019     -67    1.60  10.0
TRIB    -20.6725  -51.3258      78    0.60  10.0
NAP0     42.7025    9.3606      62    1.20  10.0
NAP1     42.7864   10.3814     101    1.00  10.0
NAP2     42.9053   10.9122      82    0.90  10.0
NAP3     42.9303   11.2228      60    1.30  10.0
NAP4     43.0356   11.6128     117    1.30  10.0
NAP5     43.1269   12.0569     139    1.40  10.0
NAP6     43.1753   12.3842     123    1.30  10.0
NAP7     43.3372   12.7469     170    1.10  10.0
NAP8     43.3808   13.1653     177    0.40  10.0
NAP9     43.5419   13.6081     151    0.80  10.0
CAY       4.9480  -52.3170     299    0.75  10.0
MBO      14.3910  -16.9550      82    0.75  10.0
CECV     10.5700  -64.1700      84    1.60  10.0
ECPV      9.1800  -65.2500      83    1.00  10.0
HSPV      9.8700  -64.1700     108    1.30  10.0
MNVV      9.9500  -64.0300      97    1.60  10.0
BLA      37.5418 -105.5746      23    0.75  10.0
BTO      40.3931 -105.1999      52    0.93  10.0
BUR      39.3888 -102.3510      53    1.35  10.0
HLD      39.2287 -109.1402      70    0.60  10.0
LED      39.1532 -106.3450      18    0.63  10.0
LMN      39.4163 -103.6222      28    1.20  10.0
MKR      40.0330 -107.7440      48    0.48  10.0
MON      38.4098 -107.9973     -28    0.45  10.0
ORD      38.5308 -103.7067      48    0.25  10.0
RKF      38.0731 -103.6302     -40    0.88  10.0
SFK      37.6880 -106.6225      38    1.03  10.0
SHL      38.5955 -102.4572      44    0.60  10.0
SPR      37.4590 -102.6400     -26    0.62  10.0
WIG      40.3270 -104.0735      61    0.93  10.0
YUM      40.1630 -102.7803      44    0.65  10.0
BPI     -26.1750   28.0300      20    0.40  10.0
DOU     -29.1150   23.8650      40    1.10  10.0
KAM     -29.1330   23.1250      20    1.40  10.0
KLI     -25.8530   23.2720      40    1.00  10.0
PIL     -25.2210   27.1010      50    0.60  10.0
SAN     -24.6260   27.6180      30    0.70  10.0
WAR     -28.3770   24.8930      20    1.30  10.0
BCMR     39.5100  -77.7100      73    1.06  10.0
BINY     42.1990  -75.9860     101    0.85  10.0
BLA      37.2110  -80.4210      58    1.12  10.0
CBKS     38.8140  -99.7370      42    0.61  10.0
CBM      46.9330  -68.1210      39    1.15  10.0
CCM      38.0560  -91.2450      34    0.73  10.0
CEH      35.8910  -79.0930     104    1.11  10.0
CSMR     39.6900  -77.9700      50    0.98  10.0
DRLN     49.2500  -57.5000      29    0.85  10.0
DTMR     38.9600  -77.0600      66    0.75  10.0
DUG      40.1950 -112.8130     326    0.67  10.0
EUAL     32.7790  -87.8740      92    0.80  10.0
EYMN     47.9460  -91.4950      52    1.38  10.0
FVM      37.9840  -90.4260      42    0.83  10.0
GOGA     33.4110   83.4670     144    1.15  10.0
HRV      42.5060  -71.5580      86    0.99  10.0
JFWS     42.9150  -90.2490      46    0.84  10.0
LBNH     44.2400  -71.9260      83    1.34  10.0
LSCT     41.6780  -73.2240      83    1.38  10.0
MCWV     39.6580  -79.8460      67    1.18  10.0
MIAR     34.5460  -93.5730      89    1.15  10.0
MYNC     35.0740  -84.1280      63    1.38  10.0
OXF      34.5120  -89.4090      61    1.55  10.0
RSCP     35.6000  -85.5900      59    0.75  10.0
RSNY     44.5480  -74.5300      74    0.90  10.0
SCP      40.7950  -77.8650      64    0.83  10.0
SSPA     40.6360  -77.8880      70    1.15  10.0
WFM      42.6100  -71.4900      96    1.10  10.0
WMOK     34.7380  -98.7810     109    0.77  10.0
YSNY     42.4760  -78.5370      77    1.06  10.0
ALE      82.4800  -62.3500      61    1.00  10.0
AVL      41.8800    0.7500     101    1.40  10.0
BCMR     82.4800  -62.3500      61    1.00  10.0
BINY     42.2000  -75.9900      73    1.06  10.0
BLA      37.2110  -80.4210      55    1.12  10.0
CBM      46.9300  -68.1200      39    1.15  10.0
CBKS     38.8140  -99.7374      58    0.95  10.0
CCM      38.0600  -91.2500      35    0.73  10.0
CEH      35.8900  -79.0900       0    0.00  10.0
CSMR     39.6900  -77.9000      50    0.98  10.0
DTMR     38.9600  -77.0600       0    0.00  10.0
DUG      40.1900 -112.8100     146    0.67  10.0
EYMN     47.9460  -91.4950      65    1.38  10.0
FVM      37.9800  -90.4300      41    0.83  10.0
HRV      42.5060  -71.5580      86    0.99  10.0
JFWS     42.9200  -90.2500      46    0.84  10.0
LBNH     44.2400  -71.9300      83    1.38  10.0
LSCT     41.6800  -73.2200      83    1.38  10.0
MCWV     39.6600  -79.8500      67    1.18  10.0
MIAR     34.5500  -93.5700      89    1.15  10.0
MYNC     35.0700  -84.1300      69    1.38  10.0
OXFB     34.5118  -89.4092      61    1.55  10.0
RSCP     35.5900  -85.5700      59    0.75  10.0
RSNY     44.5500  -74.5300      74    0.90  10.0
SCP      40.7900  -77.8700      64    0.83  10.0
SSPA     40.6401  -77.8700      70    1.15  10.0
TUC      32.3100 -110.7800       0    0.00  10.0
WFM      42.6110  -71.4910      96    1.10  10.0
WMOK     34.7379  -98.7810     109    0.77  10.0
YSNY     42.4758  -78.5375      77    1.06  10.0
DRLN     49.2500  -57.5000      29    0.85  10.0
GAC      45.7000  -75.4700      36    0.65  10.0
BER      60.4000    5.3000     105    1.10  10.0
KEV      69.8000   27.0000      70    1.10  10.0
KONO     59.6000    9.6000      20    0.80  10.0
NE02     56.5000    9.2000      60    1.20  10.0
NE05     52.1000    5.2000      70    0.50  10.0
NE15     50.9000    5.8000      70    0.50  10.0
BBO      54.7400   -3.2500      94    0.61  10.0
BHH      55.0900   -3.2200     -25    0.90  10.0
CME      50.1800   -5.1900      91    0.47  10.0
CWF      52.7400   -1.3100      73    0.78  10.0
DYA      50.4400   -3.9300      37    0.81  10.0
EDI      55.9200   -3.1900      64    0.75  10.0
ESK      55.3200   -3.2100      81    1.40  10.0
GAL      54.8700   -4.7100     -66    0.85  10.0
HPK      53.9600   -1.6200      81    0.62  10.0
HTL      50.9900   -4.4900      95    0.58  10.0
KPL      57.3400   -5.6500      83    0.65  10.0
LRW      60.1400   -1.1800       4    0.53  10.0
MCD      57.5800   -3.2500      45    0.94  10.0
MCH      52.0000   -3.0000      20    0.79  10.0
PGB      55.8100   -4.4800      94    1.03  10.0
SWN      51.5100   -1.8000     -66    0.49  10.0
TFO      51.1100    1.1400      70    0.67  10.0
WCB      53.3800   -4.5500     -26    0.60  10.0
SSB      54.2800    4.5400     140    1.00  10.0
MBO      14.3900  -16.9600      82    0.75  10.0
CAY       4.9500  -52.3200     119    0.75  10.0
BDF     -15.6600  -47.9000      53    1.50  10.0
TOL      39.8800   -4.0500      84    1.00  10.0
VIH      42.6300    0.7700     102    1.30  10.0
PON      42.4000    0.7600      99    1.50  10.0
AVL      41.8800    0.7500     101    1.40  10.0
GDH      69.3000  -53.5000     120    1.20  10.0
STU      48.8000    9.2000      50    0.50  10.0
GRF      49.5000   11.2000      90    0.70  10.0
KHC      49.1000   13.6000      10    1.10  10.0
MOX      50.7000   11.6000     100    0.70  10.0
BRG      50.9000   14.0000     100    1.20  10.0
KSP      50.8000   16.3000     120    0.90  10.0
CLL      51.3000   13.0000     100    1.00  10.0
BB05     30.3790   90.9110      40    1.00  10.0
SP01     30.8450   91.1350      50    0.60  10.0
ALB      42.3140    2.7210     101    1.80  10.0
AUS      43.1520   -0.9330     110    1.25  10.0
BRU      42.2830    2.1860      96    0.93  10.0
BSD      42.7950    2.1560      97    1.12  10.0
FNM      41.7620    2.4330     120    1.25  10.0
FRS      43.3650    2.4470      75    0.70  10.0
GRF      41.1520    1.8910      86    1.75  10.0
LAR      43.0230   -0.9380     116    1.39  10.0
LEI      42.6520   -1.2200     105    1.48  10.0
MTH      42.9390    2.5340     102    1.29  10.0
ORG      42.2270    1.3320     101    0.98  10.0
PYO      43.5380   -0.8800     112    1.45  10.0
RON      42.7970   -0.9640     102    1.45  10.0
RVH      43.3480   -0.8470     110    1.45  10.0
TRG      42.5020    1.9670      99    1.45  10.0
VIL      42.1360    1.8910      89    1.07  10.0
ALF9    -75.8990  162.5790     131    1.30  10.0
BRA9    -75.8260  160.5000     150    1.20  10.0
CHA9    -75.7490  158.3040     134    0.90  10.0
CPW9    -74.6280  165.4950     139    1.00  10.0
DEL9    -75.6970  157.0750     166    1.00  10.0
MDK9    -74.3950  163.9710     160    1.30  10.0
MEL9    -74.3150  165.0190     151    1.30  10.0
OAS9    -74.6920  164.1000     150    1.30  10.0
PPT      17.5690  149.4320       0    0.00  10.0
PTCN     25.0730  130.0950     -38    1.10  10.0
RKT      23.1180  134.9720     -53    1.10  10.0
TBI      23.3490  149.4610     -86    1.10  10.0
TPT      14.9840  147.6190     -66    1.30  10.0
BIC      44.4372 -114.2340      72    1.00  10.0
BWC      44.2556 -114.0200      66    1.20  10.0
CAR      41.4100 -110.4100     -70    2.10  10.0
CAV      41.7170 -110.6650      53    0.60  10.0
CH2      42.0058 -111.0570      47    1.10  10.0
CHC      41.9811 -111.0110      79    4.00  10.0
DSP      44.4949 -114.3330      78    0.90  10.0
FOS      41.7579 -110.7600     -47    0.30  10.0
HOG      41.5600 -110.5500     -56    1.40  10.0
LDC      41.9375 -110.8730      10    0.40  10.0
LPP      44.3736 -114.1930      75    1.30  10.0
MQR      44.5490 -114.4020      83    4.00  10.0
NU2      41.8319 -110.8740      50    1.00  10.0
NUG      41.8311 -110.8740      57    4.00  10.0
SDM      44.7620 -114.6660      78    0.70  10.0
SPC      44.3146 -114.1060      72    0.90  10.0
TWP      44.6031 -114.4720      77    0.90  10.0
S03     -15.6400 -111.6440      94    1.10  10.0
S04     -15.7400 -112.5070     100    0.97  10.0
S05     -15.8220 -112.8670      91    0.80  10.0
S08     -16.0070 -114.2000      98    1.65  10.0
S11     -16.5740 -113.1420     104    1.40  10.0
S14     -17.2720 -113.1120      96    1.35  10.0
S16     -17.2580 -113.0250      85    0.85  10.0
S22     -17.1950 -112.6360      91    0.88  10.0
S23     -17.1710 -112.5020      89    1.00  10.0
S26     -17.1220 -111.8850      75    1.00  10.0
S30     -16.7220 -109.4930     108    0.90  10.0
S39     -17.3410 -113.6580      89    1.50  10.0
S40     -17.3490 -113.7540      86    1.65  10.0
S42     -17.3920 -114.0580      91    1.55  10.0
S43     -17.4110 -114.2090     110    1.70  10.0
S45     -17.4910 -114.9570     106    2.20  10.0
S48     -17.7860 -116.9260      90    1.85  10.0
S50     -17.4670 -113.3160      93    1.25  10.0
AAK      42.6330   74.4940      86    0.90  10.0
AML      42.1311   73.6941     -50    0.40  10.0
EKS2     42.6615   73.7772      47    0.55  10.0
KBK      42.6564   74.9478      85    1.35  10.0
KZA      42.0778   75.2496      54    0.65  10.0
TKM2     42.9208   75.5966      59    0.80  10.0
TLG      43.2330   77.2250     -89    0.92  10.0
UCH      42.2275   74.5134      71    0.95  10.0
ULHL     42.2456   76.2417      21    1.30  10.0
USP      43.2669   74.4997      68    1.30  10.0
WUS      41.1990   79.2180      47    0.50  10.0
BNG       4.4350   18.5470      31    0.81  10.0
CAN     -35.3210  148.9990     113    1.09  10.0
CAY       4.9480  -52.3170     -56    0.89  10.0
DRV     -66.6650  140.0100      88    1.16  10.0
ECH      48.2160    7.1580      85    0.88  10.0
HYB      17.4170   78.5530      97    0.98  10.0
KOG       5.2070  -52.7320      90    0.83  10.0
MBO      14.3910  -16.9550      76    1.11  10.0
NOC     -22.2840  166.4320     -13    0.83  10.0
PAF     -49.3510   70.2130     -73    2.45  10.0
RER     -21.1590   55.7460     -51    0.91  10.0
SCZ      36.5980 -121.4030     103    1.33  10.0
SEY      62.9330  152.3730     -62    1.50  10.0
SSB      45.2790    4.5420     115    1.29  10.0
TAM      22.7910    5.5270      -6    0.87  10.0
WFM      42.6110  -71.4910      98    1.12  10.0
WUS      41.1990   79.2180      35    0.86  10.0
KIEV     50.7000   29.2000     110    0.80  10.0
KOV      48.3000   25.0000     130    1.30  10.0
LVV      49.8000   24.0000     145    0.70  10.0
SEV      44.5000   33.7000     125    0.70  10.0
SIM      45.0000   34.1000     125    0.60  10.0
UZH      48.6000   22.3000     135    1.50  10.0
YAL      44.4000   34.2000     135    0.40  10.0
B11      51.6470  -89.9080      89    1.50  10.0
B12      52.0500  -90.0160      88    1.40  10.0
B13      52.4110  -90.5080      88    1.10  10.0
B14      52.5680  -90.4440      82    2.10  10.0
BBT      53.8430  -89.8780     107    1.80  10.0
BFS      55.9870  -87.6520       0    0.00  10.0
BPW      54.9880  -85.4530       0    0.00  10.0
5010     48.3170  -90.7140      60    1.10  10.0
5030     48.6620  -90.8290      58    1.40  10.0
5050     49.0030  -90.7590      61    1.30  10.0
5070     49.3400  -90.4700      35    1.40  10.0
5090     49.6650  -90.3340      56    1.30  10.0
5110     50.0170  -90.5870      55    1.60  10.0
5130     50.3590  -90.6730      68    1.70  10.0
5150     50.6950  -90.5550      57    1.10  10.0
5170     51.0320  -90.3510      74    1.50  10.0
5190     51.3530  -90.2220      68    2.10  10.0
AFIF     23.9310   43.0400     -12    1.50  10.0
HALM     22.8454   44.3173       2    1.10  10.0
RANI     21.3116   42.7761       2    1.50  10.0
RAYN     23.5220   45.5008       4    1.00  10.0
RIYD     24.7220   46.6643      15    0.50  10.0
SODA     18.2921   42.3769     -11    1.40  10.0
TAIF     21.2810   40.3490       4    1.30  10.0
UQSK     25.7890   42.3600      -4    1.50  10.0
BRG      50.8750   13.9470     101    0.30  10.0
BRNL     52.4280   13.3580     119    0.68  10.0
BSD      55.1100   14.9100      15    0.50  10.0
BSEG     53.9400   10.3200      86    0.50  10.0
BUG      51.4450    7.2640      92    0.63  10.0
CLZ      51.8429   10.3740      90    0.60  10.0
CZA      53.2100   17.0940     122    0.50  10.0
DPC      50.3600   16.4100     122    0.80  10.0
HGN      50.7640    5.9320      40    0.30  10.0
HLG      54.1840    7.8840     104    0.90  10.0
IBBN     52.3070    7.7570      69    0.77  10.0
KONO     59.6490    9.5980      30    0.85  10.0
LEN      53.0900   11.4790     105    1.07  10.0
MORC     49.7760   17.5460     129    0.83  10.0
MOX      50.6460   11.6160      79    1.30  10.0
OLDS     56.6190   16.4990     116    0.78  10.0
RGN      54.5480   13.3210      43    0.70  10.0
RUE      52.4770   13.7790      97    0.68  10.0
T0BG     52.9580   12.0340     107    0.70  10.0
T14S     56.2600   13.6230     122    0.63  10.0
T18S     56.5200   13.5650     119    0.63  10.0
T1BD     55.8630   12.2400     104    1.10  10.0
T1BG     54.0730   10.4570     101    0.50  10.0
T2BD     55.7030   11.5500     104    1.17  10.0
T2BG     54.2170   10.0670      83    1.30  10.0
T30S     57.0960   13.9470     126    0.63  10.0
T3BD     55.5360   12.0780     104    0.90  10.0
T3BG     54.3280   10.5470      83    1.00  10.0
T40S     57.5820   15.0390     102    0.50  10.0
T4BD     55.2190   11.5950     109    0.40  10.0
T4BG     53.1370    9.8020      62    0.60  10.0
T5BD     54.8860   11.8150      94    0.30  10.0
T5BG     53.1900    9.3370      90    0.60  10.0
T60S     58.7580   15.9440      92    0.33  10.0
T6BD     54.8870   11.2540     144    1.10  10.0
T6BG     53.3800    9.5940      88    0.37  10.0
T7BD     56.4560    9.1670      47    0.80  10.0
T7BG     52.2580    8.5560      89    0.98  10.0
T897     58.3800   12.5090      25    0.60  10.0
T8BG     53.8500   12.9050      88    0.60  10.0
T9BG     52.7240   11.4800     113    0.55  10.0
TBBG     52.8700   13.6330      85    0.60  10.0
COL      64.4110  115.1000      50    1.10  10.0
COP      67.8270  115.0900      70    0.40  10.0
DIS      63.1880  113.8900      41    0.80  10.0
FPR      61.0500  117.4400      64    1.10  10.0
FRS      61.1750  113.6800      59    1.20  10.0
GLK      65.9200  107.4600      71    0.80  10.0
KAR      66.0290  111.4700      66    0.70  10.0
KEN      63.4360  109.2100      65    0.80  10.0
KOA      64.6920  110.6300      43    1.00  10.0
LKS      62.4060  110.7400      65    1.20  10.0
LOC      63.6110  112.1200       0    0.00  10.0
SNR      63.5080  116.0100      40    1.50  10.0
ULU      66.8950  111.0000      80    0.80  10.0
YKW      62.4930  114.5100      56    0.80  10.0
AAM      42.3000  -83.6560      79    1.00  10.0
DLBC     58.4370 -130.0300      28    1.15  10.0
GWDE     38.8256  -75.6171     108    0.75  10.0
HKT      29.9618  -95.8384      62    1.54  10.0
IMQ      47.5480  -70.3270      97    1.10  10.0
PACK     43.5400  -73.8200      79    1.30  10.0
PAL      41.0057  -73.9071      86    1.35  10.0
PLAL     34.9820  -88.0750     170    1.35  10.0
SADO     44.7690  -79.1420     124    0.75  10.0
SCH      54.8319  -66.8336      49    0.80  10.0
SCHG     54.8319  -66.8336      49    0.80  10.0
ULM      50.2500  -95.8750      53    1.40  10.0
CCM      38.0000  -91.3000      39    0.90  10.0
HRV      42.5100  -71.5600      89    0.65  10.0
MM01     42.3200  -72.7100      86    1.00  10.0
MM02     42.1700  -73.7200      85    0.95  10.0
MM03     42.0400  -74.8500     104    0.65  10.0
MM04     41.8500  -76.2000      96    0.65  10.0
MM05     41.6500  -76.9200     104    0.45  10.0
MM06     41.3900  -78.1300     100    0.55  10.0
MM07     41.2600  -79.1400      70    0.80  10.0
MM08     41.1100  -80.0700      66    0.75  10.0
MM09     40.7900  -81.2100      50    0.60  10.0
MM10     40.6100  -82.3000      70    0.85  10.0
MM11     40.2200  -83.1900      58    0.95  10.0
MM12     40.0400  -84.3700      70    0.80  10.0
MM13     39.8300  -85.3100      63    1.75  10.0
MM14     39.5500  -86.3900      53    0.95  10.0
MM15     39.2900  -87.3100      60    0.90  10.0
MM16     38.9200  -88.3000      61    0.80  10.0
MM17     38.6700  -89.3300      60    0.90  10.0
MM18     38.5300  -90.5700      57    1.05  10.0
SCCC     41.7600  -74.6700      86    0.55  10.0
UCON     41.7900  -72.2300      74    2.15  10.0
VASR     41.6700  -73.9000      89    0.90  10.0
WICK     42.4500  -74.9300      74    0.75  10.0
WIND     42.3300  -74.2700      84    0.70  10.0
CMB      38.0350 -120.3850      78    1.73  10.0
MIN      40.3450 -121.6100      49    0.84  10.0
ORV      39.5560 -121.5000     109    0.88  10.0
WDC      40.5800 -122.5400      72    1.01  10.0
BLUE     43.8900  -74.4500      58    0.86  10.0
KEEN     44.2600  -73.8200      67    0.73  10.0
PACK     43.5400  -73.8200      76    0.94  10.0
ST09    -19.1480  -64.6428     -79    1.05  10.0
ST10    -19.4857  -64.1780     -71    0.85  10.0
ST11    -19.8115  -63.7211     -75    0.70  10.0
ST12    -20.2551  -63.1582      85    0.85  10.0
ST13    -19.4522  -62.3725      82    0.80  10.0
ST14    -19.2972  -60.6169      81    1.40  10.0
ALQN     45.7390  -78.1888     100    0.45  10.0
BELL     48.0968  -78.9425     110    0.70  10.0
BISC     46.0272  -78.2407     110    0.70  10.0
CARO     47.9152  -78.9796     109    0.75  10.0
CHAZ     48.8322  -79.0522     120    0.50  10.0
DEND     49.7968  -79.0088      76    0.90  10.0
DEST     48.4604  -78.9884      80    0.55  10.0
KAPU     48.1282  -82.9055      49    1.05  10.0
KM44     49.4345  -78.9993      79    0.35  10.0
LDUF     48.3198  -78.9380      94    0.55  10.0
LLAK     48.1000  -79.8000      65    0.65  10.0
MADW     45.5296  -78.0041      97    0.40  10.0
NNNN     49.2909  -79.1569      88    0.25  10.0
PAPL     45.3191  -77.8090      77    0.55  10.0
POP1     47.8103  -79.1750     109    0.55  10.0
POP1     46.2904  -78.2921      83    0.40  10.0
POP2     47.5930  -79.2206     114    0.45  10.0
POP3     47.4549  -79.1800     115    0.45  10.0
POP4     47.2557  -79.1194      91    0.35  10.0
POP5     47.1192  -78.9070      89    0.45  10.0
POP6     46.9490  -78.8211      77    0.40  10.0
POP7     46.8097  -78.6010      86    0.50  10.0
POP8     46.6243  -78.5784     101    0.75  10.0
POP9     46.4676  -78.4039     112    1.00  10.0
POUL     48.6328  -79.0426     104    0.40  10.0
VBOI     49.1041  -79.1440     134    0.55  10.0
VSG4     49.6274  -79.0005      77    0.65  10.0
VSGL     49.0116  -79.1093      53    0.65  10.0
BMN      40.4315 -117.2218      88    0.62  10.0
BMNn     40.4315 -117.2218      84    1.05  10.0
CBKS     38.8140  -99.7374      46    0.45  10.0
CYF      37.5542 -109.8658     -11    0.82  10.0
DUG      40.1950 -112.8133     -14    1.47  10.0
GAR      38.8808 -114.1020      -8    0.92  10.0
GOL      39.7003 -105.3711     -14    1.65  10.0
LMP      37.9783 -111.1960      19    1.00  10.0
MDW      38.8928 -112.3574     -11    1.17  10.0
NWC      37.6332 -113.5566      53    0.60  10.0
PHR      37.6439 -114.9890      52    1.00  10.0
RTS      39.6681 -115.7900     -53    0.33  10.0
SRS      38.9127 -110.6016     -86    0.48  10.0
TUC      32.3096 -110.7846      -1    1.15  10.0
WCP      40.5242 -114.1670     -18    0.96  10.0
WHR      40.0367 -118.3612      78    0.99  10.0
WMOK     34.7379  -98.7810     -54    0.65  10.0
BOSA    -28.6100   25.2600      54    0.45  10.0
LBTB    -25.0200   25.6000      80    0.45  10.0
SA04    -32.8500   19.6200       8    0.00  10.0
SA05    -32.6000   21.5300      12    0.00  10.0
SA07    -31.9800   20.2300      80    0.00  10.0
SA09    -30.9200   22.9900      21    0.50  10.0
SA10    -30.9700   23.9100     -42    0.45  10.0
SA11    -29.9700   20.9500     -28    0.00  10.0
SA12    -29.8500   22.2500     -29    0.00  10.0
SA13    -29.9800   23.1400      26    0.70  10.0
SA14    -29.8700   24.0200      24    0.85  10.0
SA15    -29.9000   25.0300      20    0.70  10.0
SA16    -28.9500   22.2000     -76    0.00  10.0
SA17    -28.9300   23.2300      49    0.60  10.0
SA18    -28.6300   24.3100      48    0.75  10.0
SA19    -28.9100   24.8300      29    0.65  10.0
SA20    -29.0200   26.2000      20    0.40  10.0
SA22    -27.9700   22.0100       4    0.00  10.0
SA23    -27.9300   23.4000      37    0.50  10.0
SA24    -27.8800   24.2400      48    0.70  10.0
SA25    -27.8500   25.1300      58    0.70  10.0
SA26    -27.5500   26.1800      48    0.40  10.0
SA27    -27.8600   27.2900       2    0.00  10.0
SA28    -27.9000   28.0700     -67    0.35  10.0
SA29    -26.9300   23.0300      52    0.95  10.0
SA30    -27.0700   24.1700      48    0.55  10.0
SA31    -27.0000   25.0200      41    0.70  10.0
SA32    -26.8700   26.2800      47    0.60  10.0
SA33    -26.9000   27.1800      65    0.40  10.0
SA34    -26.8100   28.1000      49    0.35  10.0
SA35    -27.0200   29.0900      -2    0.00  10.0
SA36    -26.8800   30.1200      -9    0.00  10.0
SA37    -25.9700   23.7200      44    0.70  10.0
SA38    -25.9300   25.0800      47    0.35  10.0
SA39    -25.9000   26.1500      47    0.80  10.0
SA40    -25.9000   27.1500      61    0.35  10.0
SA42    -25.6700   29.2200      77    0.00  10.0
SA43    -25.7900   30.0700      63    0.00  10.0
SA44    -26.0300   30.9000      69    0.00  10.0
SA45    -24.8800   26.1600      82    0.00  10.0
SA46    -24.8400   27.1100      80    0.00  10.0
SA47    -24.8500   28.1600      32    0.00  10.0
SA48    -24.8900   29.2200      71    0.45  10.0
SA49    -24.9600   30.3100      75    0.75  10.0
SA50    -23.8700   27.1700      49    0.65  10.0
SA51    -23.8600   28.1600      63    0.50  10.0
SA53    -24.1100   29.3300      74    0.95  10.0
SA54    -23.7300   30.6700      74    0.70  10.0
SA55    -22.9800   28.3000      65    0.60  10.0
SA56    -23.0100   29.0700      75    0.60  10.0
SA57    -22.9800   30.0200      85    0.40  10.0
SA58    -23.5200   31.4000      26    0.55  10.0
SA59    -24.8400   24.4600      61    0.70  10.0
SA60    -23.8500   24.9600      58    0.85  10.0
SA61    -23.9500   24.0200      54    0.55  10.0
SA62    -24.8500   25.1400      69    0.60  10.0
SA63    -23.6600   26.0800      60    0.60  10.0
SA64    -22.9700   26.2000      50    0.40  10.0
SA65    -22.8200   27.2200      63    0.60  10.0
SA66    -21.9000   26.3700      63    1.00  10.0
SA67    -21.8900   27.2700      53    0.60  10.0
SA68    -21.9500   28.1900      41    0.40  10.0
SA70    -21.0900   26.3400      57    0.95  10.0
SA71    -20.9300   27.1400      51    0.75  10.0
SA72    -20.1400   28.6100      39    0.95  10.0
SA73    -21.8500   30.2800     -82    0.00  10.0
SA74    -21.9200   30.9400      85    0.50  10.0
SA75    -20.8600   29.0000      16    0.70  10.0
SA76    -20.6400   29.8500      21    0.60  10.0
SA77    -20.7600   30.9200     -34    0.45  10.0
SA78    -19.4700   30.7700       8    0.80  10.0
SA79    -20.0200   30.5200      23    0.85  10.0
SA80    -19.9600   31.3200      67    0.00  10.0
SA81    -30.9300   21.2700      56    0.50  10.0
SA82    -30.9800   22.2500      83    0.00  10.0
SA91    -25.8500   26.2700      42    1.00  10.0
SA92    -22.8800   28.3400      70    0.70  10.0
SA93    -22.2600   29.2100      76    0.50  10.0
SURA    -32.3800   20.8100      55    0.00  10.0
H2O      27.8819 -141.9917      51    1.10  10.0
CZA      53.2293   17.0963     102    0.67  10.0
KSP      50.8428   16.2931     105    0.75  10.0
KWP      49.6314   22.7075      99    0.82  10.0
SUW      54.0125   23.1808      98    0.71  10.0
WAR      52.2417   21.0236     116    0.82  10.0
ALB      43.8950    2.4560      88    1.45  10.0
ARBF     43.4920    5.3330      95    1.31  10.0
BLRC     44.2860    3.7670     133    0.78  10.0
BOPU     42.8700    2.8760     112    1.58  10.0
CFF      45.7620    3.1020     142    1.79  10.0
CLR      43.8820    3.3230     138    0.89  10.0
CNG      44.4000    3.2260     137    1.03  10.0
COU      43.4790    2.7230     141    0.95  10.0
DIO      43.9310    4.2990     116    1.34  10.0
ENS      43.3100    3.1100     111    0.96  10.0
GUZ      43.7410    3.9350     106    1.16  10.0
LUC      44.6560    3.8900      74    1.54  10.0
MIR      44.1440    2.1720     129    1.22  10.0
MMJ      43.7060    4.6640     110    0.70  10.0
PDS      44.3220    2.7240     131    1.02  10.0
RAB      43.8300    1.7160      82    0.78  10.0
RMZ      44.4000    4.4960     121    0.72  10.0
SAI      43.3620    2.1720      16    1.26  10.0
ST08     45.3590    2.8010     122    0.90  10.0
ST09     44.8600    3.8330     145    1.15  10.0
ST11     44.7810    2.1260     116    1.10  10.0
NVS      54.9000   83.3000       0    1.40  10.0
ELT      53.2000   86.3000      90    1.40  10.0
USK      50.9000   84.8000     160    1.00  10.0
TDZ      52.4000   96.1000     120    1.10  10.0
TEL      51.0000   90.2000     100    1.20  10.0
ERN      50.3000   95.2000     120    2.30  10.0
AKT      50.3000   87.6000      95    2.50  10.0
VEN      53.3000   90.3000     110    0.90  10.0
ELEF    -61.1700  -55.1000      90    2.05  10.0
HOPE    -54.2800  -36.4800      49    0.60  10.0
EFI     -51.4800  -58.4100      70    1.20  10.0
PMSA    -64.7700  -64.0500      79    1.85  10.0
NRIL     69.5049   88.4414     157    1.23  10.0
TIXI     71.6490  128.8665     139    2.99  10.0
YAK      62.0308  129.6812     146    1.24  10.0
AIK      65.9500  111.4800     139    1.10  10.0
ARY      62.3900  114.3600     151    0.90  10.0
CHRN     63.0100  112.4500     150    1.20  10.0
PAS      34.1480 -118.1720      77    0.97  10.0
PFO      33.6090 -116.4550      83    1.04  10.0
GSC      35.3030 -116.8080      82    0.83  10.0
AZ45     36.4552 -109.0824      23    0.90  10.0
AZ46     36.5513 -109.2294      27    1.00  10.0
AZ47     36.6360 -109.3332      39    0.90  10.0
AZ48     36.7606 -109.5393      30    0.90  10.0
AZ49     36.8869 -109.6913      32    1.20  10.0
AZ50     36.9777 -109.8637      47    1.10  10.0
MB01     33.3363 -106.0339      41    1.00  10.0
MB04     34.0738 -106.9201      47    1.80  10.0
MB05     34.6636 -108.0114      56    1.50  10.0
NM07     32.0845 -103.8400      19    1.20  10.0
NM08     32.1991 -103.9721       5    0.60  10.0
NM09     32.3265 -104.1183      27    1.20  10.0
NM10     32.4729 -104.2672      35    1.10  10.0
NM11     32.5836 -104.4085      40    1.30  10.0
NM12     32.6829 -104.5083      24    0.90  10.0
NM13     32.8028 -104.6548      16    0.80  10.0
NM14     32.9068 -104.7594      35    1.00  10.0
NM15     33.0144 -104.9094      44    1.30  10.0
NM16     33.1741 -105.1267      42    1.10  10.0
NM17     33.2566 -105.1734      42    1.10  10.0
NM18     33.4030 -105.3410      25    1.30  10.0
NM19     33.4913 -105.4554      35    0.90  10.0
NM20     33.6048 -105.5935      30    1.40  10.0
NM22     33.8404 -105.8689      44    1.40  10.0
NM23     33.9503 -106.0124      34    1.50  10.0
NM24     34.0469 -106.1196      62    1.40  10.0
NM25     34.1669 -106.2605      58    1.20  10.0
NM26     34.2633 -106.3633      41    1.10  10.0
NM27     34.3856 -106.5239      48    1.60  10.0
NM30     34.7428 -106.9736      52    1.50  10.0
NM31     34.8491 -107.0976      43    1.30  10.0
NM32     34.9807 -107.2643      41    1.20  10.0
NM33     35.1107 -107.4229      38    1.30  10.0
NM34     35.2688 -107.6432      44    1.40  10.0
NM35     35.3448 -107.7070      43    1.20  10.0
NM36     35.4453 -107.8225      50    1.20  10.0
NM37     35.5775 -108.0017      55    1.10  10.0
NM38     35.7023 -108.1629      34    1.70  10.0
NM39     35.7926 -108.2673      39    1.70  10.0
NM40     35.9451 -108.4290      33    1.10  10.0
NM41     36.0353 -108.5703      29    0.70  10.0
NM42     36.1485 -108.7171      26    0.80  10.0
NM43     36.2496 -108.8871      15    1.00  10.0
NM44     36.4214 -108.9583      29    0.80  10.0
TX01     31.4232 -103.1054       8    0.70  10.0
TX02     31.5133 -103.2038      12    0.70  10.0
TX03     31.6232 -103.3236      10    1.00  10.0
TX04     31.7338 -103.4457       0    1.20  10.0
TX05     31.8784 -103.6074      15    1.40  10.0
TX06     31.9671 -103.7068      18    1.20  10.0
UT51     37.0732 -109.9961      50    1.10  10.0
UT52     37.2348 -110.1313      50    1.10  10.0
UT53     37.3458 -110.3311      53    1.50  10.0
UT54     37.4187 -110.5052      71    1.30  10.0
VSL      39.4960    9.3780      26    2.13  10.0
NAP0     42.7020    9.3610      -5    1.30  10.0
NAP1     42.7860   10.3810       0    1.48  10.0
NAP2     42.9050   10.9120       2    1.77  10.0
NAP3     42.9300   11.2230     -64    2.10  10.0
NAP4     43.0360   11.6130      -4    1.25  10.0
NAP5     43.1200   12.0570     -37    2.40  10.0
NAP6     43.1750   12.3840     -31    1.35  10.0
NAP7     43.3370   12.7470      -7    1.85  10.0
NAP8     43.3810   13.1650      -3    2.50  10.0
CA00     42.1980   11.9200      72    2.80  10.0
CA01     42.1570   12.2670      58    1.43  10.0
CA02     42.2040   12.5660      19    0.82  10.0
CA03     42.1390   12.7920      -6    2.10  10.0
CA05     42.1420   13.1030      34    1.63  10.0
VENT     40.7950   13.4220     -25    1.27  10.0
SALI     38.5640   14.8330       0    1.78  10.0
USTI     38.7080   13.1790      40    2.00  10.0
RAYN     23.5225   45.5032       5    1.31  10.0
BGCA      5.1763   18.4242      14    0.82  10.0
OGSI     46.0340    6.7540      -9    2.25  10.0
OGGM     45.2040    6.1160     -31    1.69  10.0
OGAG     44.7880    6.5410     -48    1.33  10.0
OGDI     44.1100    6.2170     101    1.12  10.0
STET     44.2590    6.9290     -58    1.26  10.0
RUSF     43.9430    5.3190     103    1.45  10.0
SAOF     43.9860    7.5530     -86    1.33  10.0
CALF     43.7530    6.9220     -75    1.21  10.0
ARBF     43.4920    5.3330     -81    1.33  10.0
SMPL     42.0940    9.2850     -86    1.47  10.0
AIS     -37.7970   77.5690      46    0.63  10.0
ASCN     -7.9327  -14.3601      81    0.86  10.0
CMLA     37.7637  -25.5243     -61    0.60  10.0
COCO    -12.1901   96.8349      59    0.69  10.0
CRZF    -46.4300   51.8610     -32    0.55  10.0
HOPE    -54.2800  -36.4800      50    0.76  10.0
MSEY     -4.6737   55.4792      32    1.02  10.0
PAF     -49.3510   70.2130     -77    1.34  10.0
PALK      7.2728   80.7022      26    1.72  10.0
RER     -21.1590   55.7460     -81    0.77  10.0
SACV     14.9702  -23.6085      52    1.02  10.0
SHEL    -15.9588   -5.7457      59    0.83  10.0
TBT      28.6794  -17.9145      17    0.92  10.0
EDM      53.2200 -113.3500       0    0.00  10.0
WALA     49.0500 -113.9100       0    0.00  10.0
NEW      48.2600 -117.1200      71    1.48  10.0
ACTO     43.6090  -80.0620     104    0.60  10.0
ALGO     45.9540  -78.0510     109    0.40  10.0
BANO     45.0200  -77.9280      95    0.70  10.0
BRCO     44.2440  -81.4420      89    0.40  10.0
BUKO     45.4420  -79.3990      76    1.10  10.0
CLPO     45.2460  -76.9640     117    0.70  10.0
CLWO     44.4490  -80.3010     119    0.80  10.0
DELO     44.5180  -77.6190      84    1.40  10.0
ELGO     43.6750  -80.4370      95    0.60  10.0
GACO     45.7030  -75.4780      61    0.50  10.0
HGVO     42.9610  -80.1260      79    0.80  10.0
KGNO     44.2270  -76.4930      95    0.80  10.0
KLBO     45.3570  -80.2130       0    0.00  10.0
KSVO     44.5520  -73.6860      63    0.60  10.0
LINO     44.3540  -78.7800      89    0.90  10.0
MPPO     44.7700  -76.2650     119    0.70  10.0
PECO     43.9340  -76.9940      87    0.70  10.0
PEMO     45.6770  -77.2470     117    0.30  10.0
PKRO     43.9640  -79.0710      95    0.70  10.0
PLIO     41.7510  -82.6280      90    0.60  10.0
PTCO     42.8840  -79.3120      72    0.70  10.0
SADO     44.7690  -79.1420      99    0.80  10.0
STCO     43.2100  -79.1710      80    0.70  10.0
TOBO     45.2260  -81.5230      39    1.20  10.0
TYNO     43.0950  -79.8700      90    0.60  10.0
WLVO     43.9240  -78.3970      87    0.70  10.0
BB01    -28.3070   24.7541      47    0.68  10.0
BB02    -28.3823   24.5913      44    0.65  10.0
BB03    -28.4076   24.6257      45    0.55  10.0
BB04    -28.4043   24.5896      45    0.68  10.0
BB05    -28.4408   24.5801      39    0.73  10.0
BB06    -28.4519   24.6239      50    0.57  10.0
BB07    -28.4161   24.6919      49    0.55  10.0
BB08    -28.4285   24.6286      50    0.53  10.0
BB09    -28.4492   24.6384      51    0.53  10.0
BB11    -28.4667   24.5470      45    0.70  10.0
BB12    -28.5287   24.7110      61    0.53  10.0
BB13    -28.5393   24.7358      56    0.53  10.0
BB14    -28.5404   24.6770      54    0.47  10.0
BB15    -28.6001   24.8973      56    0.38  10.0
BB16    -28.5798   24.5385      54    0.47  10.0
BB17    -28.5590   24.7077      46    0.55  10.0
BB18    -28.6697   24.9364      53    0.23  10.0
BB19    -28.6021   24.8323      54    0.45  10.0
BB22    -28.6294   24.7874      60    0.38  10.0
BB23    -28.6455   24.8236      62    0.33  10.0
BB24    -28.6254   24.6711      59    0.33  10.0
BB25    -28.6717   24.8833      56    0.33  10.0
BB26    -28.6721   24.9682      65    0.15  10.0
BB27    -28.6761   24.5217      54    0.53  10.0
BB28    -28.6901   24.5686      61    0.35  10.0
BB29    -28.7057   24.8438      57    0.35  10.0
BB30    -28.7955   24.8658      40    0.30  10.0
BB31    -28.7934   24.9255      46    0.30  10.0
BB32    -28.8151   24.9779      42    0.25  10.0
SA18    -28.6328   24.3056      59    0.45  10.0
SA19    -28.9056   24.8328      27    0.55  10.0
BOSA    -28.6141   25.2555      33    0.60  10.0
AFIF     23.9300   43.0400     -12    0.10  10.0
HALM     22.8500   44.3200       2    0.10  10.0
RANI     21.3100   42.7800       2    0.20  10.0
RAYN     23.5200   45.5000       4    0.10  10.0
RIYD     24.7200   46.6600      15    0.10  10.0
SODA     18.2900   42.3800     -11    0.10  10.0
TAIF     21.2800   40.3500       4    0.20  10.0
UQSK     25.7900   42.3600      -4    0.20  10.0
38      -13.8003 -115.1204     104    1.98  10.0
39      -12.3700 -114.5249     110    1.10  10.0
42      -15.4100 -115.2035     100    2.18  10.0
44      -16.0020 -115.2491      88    1.68  10.0
46      -14.8500 -118.3703     104    1.23  10.0
47      -15.2121 -117.6006     114    1.28  10.0
MTAN     65.1000   33.3203     -16    2.65  10.0
ALQ      34.9420 -106.4570      41    1.50  10.0
BGY      44.8020   20.5150     279    0.00  10.0
BGY      44.8020   20.5150     248    0.00  10.0
BNI      45.0520    6.6780      -4    1.60  10.0
GFA      34.3380    9.7260     -29    1.90  10.0
MEB      36.3030    2.7300      41    1.50  10.0
VSL      34.4960    9.3780      74    1.80  10.0
FCC      58.7600  -94.0800      29    0.64  10.0
FFC      54.7300 -101.9800      42    0.96  10.0
USK      52.1961 -106.3982      34    1.50  10.0
