Program invoked with: ./ShellSet.exe -Iter 4 -InOpt Grid -Dir GridEx2 -GM 5,SSR,GV,SD,SA,FSR
global model, ThID, Level, Cell, VarValues(2), GM, GV, SSR, SD, FSR, SC, SA                         
1 1 1 1  2.50000E+12 0.15417     13.10150     13.01698      9.97394     31.09872      3.83520      0.80426     24.92856
2 2 1 1  2.50000E+12 0.41250     15.41256     17.42599     18.83947     33.81725      3.14598      0.79167     24.90080
3 3 1 1  2.50000E+12 0.67083     17.40907     21.09164     26.56715     34.99511      3.21567      0.78493     25.35962
4 1 1 1  5.50000E+12 0.15417     15.94576     21.84568     13.64906     31.03828      4.83445      0.78749     23.04162
5 2 1 1  5.50000E+12 0.41250     16.63048     24.11468     21.89897     33.42837      3.23372      0.77947     22.28444
6 3 1 1  5.50000E+12 0.67083     17.78300     24.74445     28.55405     34.24601      3.20180      0.77168     22.95494
7 1 1 1  8.50000E+12 0.15417     16.33516     23.66208     14.90093     32.51099      4.62369      0.77541     21.94482
8 2 1 1  8.50000E+12 0.41250     17.45799     26.28563     24.01786     34.15030      3.53030      0.76115     21.30648
9 3 1 1  8.50000E+12 0.67083     18.50706     26.99540     30.17719     35.26595      3.43123      0.74798     22.02484
11 2 2 1  1.50000E+12 0.15417     12.84580     12.38458      9.42985     32.08840      3.63355      0.81130     25.68864
10 1 2 1  1.50000E+12 0.06806     12.88910     12.04472      7.14437     31.27537      4.80271      0.81467     27.52095
12 3 2 1  1.50000E+12 0.24028     13.41765     13.44545     11.75377     32.80458      3.19816      0.80670     26.22975
14 1 2 1  2.50000E+12 0.15417     13.10150     13.01698      9.97394     31.09872      3.83520      0.80426     24.92856
13 2 2 1  2.50000E+12 0.06806     13.33428     13.18989      8.05675     30.49403      4.98070      0.80803     26.11809
15 3 2 1  2.50000E+12 0.24028     13.54912     14.16661     12.18018     32.00048      3.33104      0.79976     24.82550
16 1 2 1  3.50000E+12 0.06806     13.87789     14.02178      8.46795     30.24169      5.67512      0.80236     25.26123
17 2 2 1  3.50000E+12 0.15417     13.86979     14.80473     10.79057     30.24831      4.40123      0.79943     24.13396
18 3 2 1  3.50000E+12 0.24028     14.24344     16.27721     13.09015     31.58908      3.61564      0.79546     24.08945
19 1 2 2  1.50000E+12 0.32639     14.32032     14.65576     14.60877     33.77915      3.16352      0.80112     26.32227
20 2 2 2  1.50000E+12 0.41250     15.37463     15.83830     18.21691     34.67436      3.26890      0.79661     26.26816
21 3 2 2  1.50000E+12 0.49861     16.21394     17.39640     21.68414     35.13753      3.25090      0.79269     26.00554
22 1 2 2  2.50000E+12 0.32639     14.44728     16.03380     15.25146     33.10084      3.11204      0.79525     24.98611
23 2 2 2  2.50000E+12 0.41250     15.41256     17.42599     18.83947     33.81725      3.14598      0.79167     24.90080
24 3 2 2  2.50000E+12 0.49861     16.25222     18.94484     22.17824     34.27973      3.16854      0.78865     24.84553
25 1 2 2  3.50000E+12 0.32639     15.04764     18.41533     16.31629     32.49899      3.32277      0.79151     23.77778
26 2 2 2  3.50000E+12 0.41250     15.72000     19.88094     19.90109     33.13689      3.10369      0.78829     23.59173
27 3 2 2  3.50000E+12 0.49861     16.47823     21.20315     23.11485     33.84362      3.07847      0.78555     23.79303
28 1 3 1  1.16667E+12 0.12546     12.66454     11.84779      8.46244     32.05835      3.93125      0.81467     25.78355
29 2 3 1  1.16667E+12 0.15417     12.77911     12.16273      9.27760     32.35949      3.60003      0.81315     25.92560
30 3 3 1  1.16667E+12 0.18287     12.92627     12.50852     10.03206     32.57626      3.38317      0.81190     26.09431
31 1 3 1  1.50000E+12 0.12546     12.74171     12.12277      8.63382     31.74157      3.97074      0.81288     25.45861
33 3 3 1  1.50000E+12 0.18287     12.97217     12.71195     10.17396     32.27645      3.40557      0.80977     25.83959
32 2 3 1  1.50000E+12 0.15417     12.84580     12.38458      9.42985     32.08840      3.63355      0.81130     25.68864
34 1 3 1  1.83333E+12 0.12546     12.79800     12.35754      8.83661     31.29163      4.02115      0.81063     24.98696
36 2 3 1  1.83333E+12 0.18287     13.04090     12.97155     10.34838     31.93383      3.44687      0.80729     25.52686
35 3 3 1  1.83333E+12 0.15417     12.90265     12.58842      9.56567     31.76198      3.68770      0.80916     25.35395
39 3 3 2  1.16667E+12 0.09676     12.66752     11.64234      7.59408     31.49157      4.34792      0.81585     26.94428
38 2 3 2  1.16667E+12 0.06806     12.74284     11.69723      7.02912     31.57333      4.77525      0.81622     27.10386
37 1 3 2  1.16667E+12 0.03935     13.04948     12.27119      6.56580     31.99832      5.30842      0.81692     27.65032
42 1 3 2  1.50000E+12 0.09676     12.71578     11.96063      7.73567     31.03207      4.39468      0.81418     26.34665
41 2 3 2  1.50000E+12 0.06806     12.88910     12.04472      7.14437     31.27537      4.80271      0.81467     27.52095
40 3 3 2  1.50000E+12 0.03935     13.15508     12.68318      6.68580     31.73322      5.32450      0.81513     27.49740
45 3 3 2  1.83333E+12 0.09676     12.72954     12.09164      7.85535     30.87424      4.44176      0.81218     25.66027
43 1 3 2  1.83333E+12 0.03935     13.26476     13.03780      6.88503     31.45853      5.34045      0.81348     27.23147
44 2 3 2  1.83333E+12 0.06806     12.94107     12.27440      7.31150     30.98910      4.83269      0.81268     27.00520