Program invoked with: ./ShellSet.exe -Iter 3 -Dir List -InOpt List
global model, ThID, VarValues(2), GV, SSR, SD, FSR, SC, SA                                          
1 1 0.12000  1.75000E+12     13.96984      9.94900     31.72346      9.80994      0.80808     24.61247
2 2 0.12000  3.25000E+12     17.55793     11.37087     30.48273      9.40706      0.79694     23.50363
3 3 0.32000  1.75000E+12     15.63974     15.32429     34.43457      7.13406      0.79900     24.08932
4 1 0.32000  3.25000E+12     19.37241     16.76541     33.65982      6.16547      0.78891     22.44564
5 3 0.52000  1.75000E+12     18.71465     22.43396     36.22399      2.43474      0.79110     23.57115
6 2 0.52000  3.25000E+12     21.30684     23.50470     35.73022      2.37310      0.78436     22.71148
7 1 0.72000  3.25000E+12     21.78751     27.45179     36.05811      2.26311      0.78251     22.65338
8 3 0.72000  1.75000E+12     20.17070     26.84732     36.55362      2.25811      0.78871     23.06485
9 2 0.09500  1.37500E+12     13.02251      8.85121     31.82601      9.87841      0.81191     25.11263
10 1 0.04500  2.12500E+12     17.03963      9.41564     31.55401     11.07060      0.80488     25.01708
11 2 0.04500  1.37500E+12     13.52566      8.08033     32.19472     11.31984      0.81105     25.42267
12 3 0.09500  2.12500E+12     14.71961      9.62701     31.01334      9.46246      0.80576     24.12457
13 1 0.14500  1.37500E+12     13.37044     10.14435     32.71283     10.24497      0.81053     24.82494
14 2 0.14500  2.12500E+12     14.49955     10.75234     31.90579      9.93246      0.80431     24.24599
15 3 0.19500  1.37500E+12     13.98678     11.41947     33.26302     10.35578      0.80831     24.84382
16 1 0.19500  2.12500E+12     14.78970     11.90808     32.32216     10.06834      0.80201     24.21174
