Program invoked with: ./ShellSet.exe -Iter 4 -InOpt Grid -Dir GridEx1 -GM 4,SSR,GV,SD,SA
global model, ThID, Level, Cell, VarValues(2), GM, GV, SSR, SD, FSR, SC, SA                         
1 1 1 1  2.50000E+12 0.15417     17.81165     13.01698      9.97394     31.09872      3.83520      0.80426     24.92856
2 2 1 1  2.50000E+12 0.41250     22.93002     17.42599     18.83947     33.81725      3.14598      0.79167     24.90080
3 3 1 1  2.50000E+12 0.67083     26.55531     21.09164     26.56715     34.99511      3.21567      0.78493     25.35962
4 1 1 1  5.50000E+12 0.15417     21.48918     21.84568     13.64906     31.03828      4.83445      0.78749     23.04162
5 2 1 1  5.50000E+12 0.41250     25.04410     24.11468     21.89897     33.42837      3.23372      0.77947     22.28444
6 3 1 1  5.50000E+12 0.67083     27.29970     24.74445     28.55405     34.24601      3.20180      0.77168     22.95494
7 1 1 1  8.50000E+12 0.15417     22.39531     23.66208     14.90093     32.51099      4.62369      0.77541     21.94482
8 2 1 1  8.50000E+12 0.41250     26.03393     26.28563     24.01786     34.15030      3.53030      0.76115     21.30648
9 3 1 1  8.50000E+12 0.67083     28.20390     26.99540     30.17719     35.26595      3.43123      0.74798     22.02484
11 2 2 1  1.50000E+12 0.15417     17.61444     12.38458      9.42985     32.08840      3.63355      0.81130     25.68864
12 3 2 1  1.50000E+12 0.24028     19.20306     13.44545     11.75377     32.80458      3.19816      0.80670     26.22975
10 1 2 1  1.50000E+12 0.06806     16.49706     12.04472      7.14437     31.27537      4.80271      0.81467     27.52095
13 2 2 1  2.50000E+12 0.06806     17.05648     13.18989      8.05675     30.49403      4.98070      0.80803     26.11809
14 3 2 1  2.50000E+12 0.15417     17.81165     13.01698      9.97394     31.09872      3.83520      0.80426     24.92856
15 1 2 1  2.50000E+12 0.24028     19.24171     14.16661     12.18018     32.00048      3.33104      0.79976     24.82550
16 2 2 1  3.50000E+12 0.06806     17.35443     14.02178      8.46795     30.24169      5.67512      0.80236     25.26123
17 3 2 1  3.50000E+12 0.15417     18.47965     14.80473     10.79057     30.24831      4.40123      0.79943     24.13396
18 1 2 1  3.50000E+12 0.24028     20.06652     16.27721     13.09015     31.58908      3.61564      0.79546     24.08945
20 2 2 2  4.50000E+12 0.15417     20.44051     19.80400     12.31240     30.61048      4.87215      0.79292     23.38843
21 3 2 2  4.50000E+12 0.24028     21.64365     20.56237     14.52165     31.61216      3.98604      0.78966     23.24765
19 1 2 2  4.50000E+12 0.06806     19.46853     19.11885     10.10763     30.35622      6.29740      0.79608     24.48913
23 3 2 2  5.50000E+12 0.15417     21.48918     21.84568     13.64906     31.03828      4.83445      0.78749     23.04162
24 1 2 2  5.50000E+12 0.24028     22.57134     22.64025     16.02080     31.56674      3.90497      0.78388     22.66908
22 2 2 2  5.50000E+12 0.06806     20.48701     21.04890     11.34614     30.87201      6.09999      0.79020     23.89308
25 3 2 2  6.50000E+12 0.06806     20.80133     21.56835     11.83634     31.41010      5.98006      0.78411     23.34857
26 1 2 2  6.50000E+12 0.15417     22.02529     22.74598     14.38672     31.39898      4.70505      0.78082     22.90366
27 2 2 2  6.50000E+12 0.24028     23.27499     23.80184     17.18711     32.11520      3.92416      0.77660     22.33749
30 3 3 1  1.16667E+12 0.09676     16.54985     11.64234      7.59408     31.49157      4.34792      0.81585     26.94428
29 2 3 1  1.16667E+12 0.06806     16.28673     11.69723      7.02912     31.57333      4.77525      0.81622     27.10386
28 1 3 1  1.16667E+12 0.03935     16.33994     12.27119      6.56580     31.99832      5.30842      0.81692     27.65032
31 3 3 1  1.50000E+12 0.03935     16.49290     12.68318      6.68580     31.73322      5.32450      0.81513     27.49740
33 1 3 1  1.50000E+12 0.09676     16.58430     11.96063      7.73567     31.03207      4.39468      0.81418     26.34665
32 2 3 1  1.50000E+12 0.06806     16.49706     12.04472      7.14437     31.27537      4.80271      0.81467     27.52095
34 3 3 1  1.83333E+12 0.03935     16.65252     13.03780      6.88503     31.45853      5.34045      0.81348     27.23147
35 1 3 1  1.83333E+12 0.06806     16.55449     12.27440      7.31150     30.98910      4.83269      0.81268     27.00520
36 2 3 1  1.83333E+12 0.09676     16.56255     12.09164      7.85535     30.87424      4.44176      0.81218     25.66027
39 3 3 2  2.16667E+12 0.09676     16.69152     12.43924      8.09600     30.47765      4.49724      0.80981     25.28935
38 2 3 2  2.16667E+12 0.06806     16.69969     12.63516      7.55691     30.64965      4.88562      0.81051     26.57561
37 1 3 2  2.16667E+12 0.03935     16.87962     13.42801      7.17338     31.21489      5.37012      0.81191     26.99938
40 3 3 2  2.50000E+12 0.03935     17.21610     13.95329      7.56274     31.03917      5.43106      0.80975     26.82089
41 2 3 2  2.50000E+12 0.06806     17.05648     13.18989      8.05675     30.49403      4.98070      0.80803     26.11809
42 1 3 2  2.50000E+12 0.09676     17.04582     12.95974      8.63290     30.33322      4.58742      0.80690     24.87715
43 3 3 2  2.83333E+12 0.03935     17.41209     14.22824      7.60278     31.06703      5.54023      0.80785     27.35143
44 2 3 2  2.83333E+12 0.06806     17.14053     13.47839      8.21328     30.40078      5.13536      0.80569     25.64824
45 1 3 2  2.83333E+12 0.09676     17.27754     13.41056      8.95168     30.19483      4.75177      0.80419     24.58348