Program invoked with: ./ShellSet.exe -Iter 4 -InOpt List -Dir ListEx1 -GM 5,SSR,GV,SD,SA,FSR
global model, ThID, VarValues(2), GV, SSR, SD, FSR, SC, SA, GM
1 1  2.50000E+12 0.15417     13.01650      9.97441     31.09952      3.83446      0.80427     24.92845     13.10107
3 3  2.50000E+12 0.67083     21.08863     26.56579     34.98455      3.21717      0.78499     25.35972     17.40898
2 2  2.50000E+12 0.41250     17.42599     18.83947     33.81725      3.14598      0.79167     24.90080     15.41256
4 1  5.50000E+12 0.15417     21.84630     13.64944     31.03852      4.83602      0.78748     23.04135     15.94696
5 3  5.50000E+12 0.41250     24.11468     21.89897     33.42837      3.23372      0.77947     22.28444     16.63048
6 2  5.50000E+12 0.67083     24.74575     28.55079     34.24488      3.20179      0.77169     22.95714     17.78300
7 1  8.50000E+12 0.15417     23.66211     14.90091     32.51079      4.62547      0.77541     21.94471     16.33638
8 3  8.50000E+12 0.41250     26.28563     24.01786     34.15030      3.53030      0.76115     21.30648     17.45799
9 2  8.50000E+12 0.67083     26.98699     30.16255     35.27451      3.43032      0.74805     22.02794     18.50454
